13.94240852494828
14.570542382097004
13.917946233222425
12.997335721204422
15.49752718360084
13.89942094410876
13.518830877413595
13.319332114475019
16.2182772752831
14.264547128765503
15.806950904541635
15.322262223410629
13.206012886884562
15.004986798156256
14.131641114503644
13.144809209959902
12.363662175216973
12.90893259381568
15.044639727231013
12.241116061818847
13.686797946364603
14.902393376883962
14.831438828524046
13.008647436860256
14.200454307809103
15.831872360853943
14.307486731179893
14.256642895141667
15.249948869775997
15.671299743097343
13.06277068445161
13.174006468990395
14.843343171421592
14.47420879902976
13.468242324503965
14.780806970485703
14.144021659220098
16.226490518004315
14.293192717497769
13.975205015753133
13.649226977014502
14.340769671609616
14.855696120939866
14.26192088287872
14.557119529173017
13.570711357104004
12.757459023063346
14.57851234116438
14.8591112956572
13.481931420408875
13.755962455631966
13.888449718247317
14.235162300539024
16.054378614258823
14.414399286649928
12.899882455420858
15.430365043490799
12.779137573108887
13.292337764879575
14.37893862828323
13.643733149074711
15.974020083655093
15.686245990467327
15.194976595645342
13.764128378683983
14.883716639772839
15.312691904518585
14.987550620699711
11.775391809664821
13.826070980064229
13.85291087829513
14.264435929105998
14.232428812797233
14.164214186022239
12.729652535149304
15.762997930741342
16.17932548622047
14.91037366877432
14.86180281011202
15.083637846279137
14.391621955976147
13.070036973013393
14.194062331510722
13.38084689833272
15.067012611486659
14.628619089649112
14.251776167444886
14.552207724509628
12.51390033318795
13.926723804869358
15.91536578598196
14.833134500209106
14.361857402597705
14.925713561583047
14.418596597431952
15.66972414680906
13.843141377750062
14.009248817792914
13.980099286566686
14.44861466580879