13.767796193101528
14.701299970385152
13.788187025444762
13.764874623535444
15.041564974288613
14.491595332346025
13.25025296701905
13.693405532673795
16.398855730400935
14.638250346149524
15.887483024784203
15.897235278128154
13.367308649747317
16.05939048518649
13.892492048683438
13.442605095577093
12.354610108098605
13.690761628351117
15.098346337058697
12.01169573870094
14.336411853395111
14.756059702984
15.117187819089926
12.569686467021372
14.16379502652055
15.816812206954346
14.16031012466083
14.591672726561452
14.879699540193924
16.62339355531486
13.501776057021011
14.119110812267191
14.322269196316604
14.640251721003175
14.457572051729818
15.386852538491814
14.122802085638366
16.01382886289046
14.66939063042205
13.984988143024532
13.365749430745595
13.93253380045085
14.264745726797608
13.556219433328641
14.29747798677815
14.098591034626548
12.994025699985857
13.995275533038619
15.352536548798057
12.556661129671221
14.070916016767297
14.360064142770126
14.42587788274299
15.894759781731779
14.26201586649731
13.53779009362013
15.061773668652554
12.73038975407297
13.73059695867355
13.811665303925777
13.16480739670744
15.4904351027987
15.903598250870717
15.274719064792158
13.766753061860548
14.753176177139686
14.842162941747082
15.425191875962442
12.357515162941365
13.881952908107323
13.800056964973745
13.932902525061545
14.114594124252998
14.432667645116046
12.709908102593687
16.388052763209284
16.388378268529788
14.745905616733092
15.49257506662702
14.582681801375966
14.417125555824628
13.116716086242084
14.00461757202394
12.82378513918695
14.798111040013953
14.423445034491225
13.947127334810947
14.151222286741508
13.261545696099251
14.09630933415638
15.724009038257435
14.333185882915428
14.1560324415114
14.851039695452519
13.91865906563691
15.715228739664756
14.80049602202277
14.036041369645448
14.620219916420806
13.999606947143901