14.96446488706422
15.541194958606617
14.478414537001193
13.920232883977157
15.86185844226288
14.770745286788085
13.09986902720179
14.229719795141312
17.430953530547384
15.09023538466839
16.40805654312178
15.601562485703854
13.731505265552588
16.785333854191393
14.744990382451535
13.138642230720498
13.78176173790826
13.423953978250381
15.18358429048826
12.321061031037722
15.272463777027635
15.13711477864289
15.445193461261956
13.912480304313604
15.168366444680757
16.794228577625848
15.505991706817364
15.203200164768697
15.99907630688082
16.525920251742534
13.749667527491551
14.809191481027337
15.94689753604286
15.481877719964213
15.394640053765784
16.184132089990474
14.230288395685918
16.885912944733782
15.283687591712333
14.898525236702556
14.295585786350498
14.615288228969066
15.066461387883932
14.734766530614783
15.512663594084273
14.66614732328546
14.018021506408788
15.886729261432631
16.149590776171113
14.332371961453541
15.529626241047376
15.296335148725753
14.473351072776328
16.5806144572559
15.477197367586042
13.439138553809405
16.05062569159912
14.485750530310785
14.15641227970465
14.599122364511711
14.242121372045515
16.52319320625226
16.31369976791878
15.821600368133495
14.574018316706283
15.781963410357244
15.822525928441287
15.710776909353793
12.64289674337307
14.228928678199571
14.803091307035762
15.219660304394084
15.216216469508325
15.42477954957371
13.642879103288768
16.837460909212552
18.012202964014108
16.279771887793462
15.284140909782323
15.894090299263636
15.564947507291818
13.938372934178105
15.429533951560947
13.941450768413238
16.4680068656732
14.86648496285741
14.192270775177551
15.73588529932598
14.526800967844233
14.607786998893147
16.50630502993749
14.860266049880236
15.111467858273626
16.692524778892274
14.452711279238573
16.684135875297493
14.902516771304438
14.197144551846552
14.577157257802035