13.530113424987125
14.550481146939486
13.576930782792537
13.507958004420384
15.324242895872485
14.058579279913994
13.212316444289295
13.47473738112657
16.138170836161812
14.139810502425414
15.027890117111404
15.050091456843967
13.731309914906422
15.251179644257181
13.430530588030473
12.855851769533224
12.63656395254593
13.135903928862668
13.7910619596407
12.1611423377781
13.861430668303289
14.374798607040846
15.016400922445143
12.596458723470342
14.461882358359562
15.815937330173993
14.1261665755161
14.492044495638204
14.672383165844943
15.332199818141444
13.772776083678803
13.750741953419098
14.782367850199511
13.490793887877917
13.918981309470343
15.073350864010054
14.143480079099565
14.902594093476885
14.937680293969642
13.414897030331044
13.449774247101853
13.850947049702356
15.040030207667913
13.689903098235504
13.266217543365856
13.902039147634532
13.144224333511271
14.079861538953487
14.619654383041604
13.336506771448645
14.232707908059448
13.911535221883572
13.793652654206854
15.000781929978299
14.194311127123957
12.738459857902923
15.069355203099095
13.120479551687607
13.276261083841298
14.020400104227917
12.963857672667068
15.380018402010624
15.652639369711485
15.432667053882893
13.384953206220512
14.67930738561785
14.789340326679026
15.336525307815462
12.12980887371592
13.66928545087119
14.148979730836714
14.89319431068345
13.578493581158737
13.789708464421338
12.736132314629643
15.777112311505213
16.194489910148363
14.669916398938636
15.157766635957453
14.525171814123585
14.09964031375106
12.678514367241513
14.024593378534586
12.609620890279542
14.933714004752241
14.896966082296878
13.873115776359066
14.450973653568647
13.162904389330942
13.806762555871503
15.237660864557032
14.103083389842965
14.059537633995557
15.362798615200843
13.675407601452322
15.314478961190034
13.790766062002682
14.338014940015741
13.612202058716603