14.098031201498754
14.597003610362528
14.676900841919531
13.345845096072113
15.773496070753577
14.722603114079032
13.813611502511373
13.874243076941376
16.209850049591925
14.86988168476788
16.73855452073066
16.1516611854957
13.125949929507609
15.720974255152775
14.48272583543801
13.097848760753962
13.374845882302973
13.686840803783141
15.333167135889552
12.09206295354818
14.61636264715673
14.6516993954721
15.362170442464478
13.1962994108863
14.23994845448704
15.453618042058572
14.023887645964281
15.949187714869966
15.397100138042305
15.416348785084654
13.323238628079604
14.089416563041722
15.793804823273389
14.842256731584422
13.552131625699667
16.644609731964305
14.468807570955024
16.447959668448114
14.758715931845632
13.83973035506802
13.605284867988063
14.443530638147566
15.968888563688365
14.063893055597916
14.329343305690525
14.09309469775513
12.840573006333269
14.2955007088084
16.00205875702227
13.374581139559508
14.401479268783435
15.361485548771142
14.644545825862021
16.566836778659574
14.51526392331238
13.204197588616422
16.042742471216176
14.133164188953998
13.987561019837955
14.971817178849806
13.991034441914975
16.443921655874195
15.296119939468904
15.988482746376622
14.157798203740386
15.295370862024193
15.775702036682576
15.282675272141686
12.1977687501202
14.089317301284204
14.733421792869953
15.416208593246722
14.052980812686384
15.666730427328924
13.411672923025407
16.679074217825914
17.29470736912847
15.270898429988021
15.58801265955064
14.597924654771436
14.64010737992427
13.320204264341777
14.876966527767326
13.240403951914585
16.0870589720534
14.34248043665538
14.289172689857704
15.566789310293219
13.515752815933704
14.605881917118184
15.425221518376484
15.059234459432727
13.790290783793951
15.469340571834005
15.171635867858601
15.920499248822413
14.649869599768245
14.196016689486916
14.232520732186725