13.395750976628623
14.49902083755812
13.47713733057662
13.131298717191717
14.952862888863516
14.264529684486469
13.03517574530889
13.120667284783204
15.71910248863968
14.014366997022051
16.149526225878475
15.04189829053663
13.217376328930126
14.929459362653443
13.961640190845495
13.502155168592717
12.729200942524058
13.474166936278058
14.502886326935052
12.160982403091651
14.517801619637783
14.883933969904636
15.59162233445153
12.453885777639234
13.989921589573925
16.00183743622945
14.741627652032156
14.481381076112605
14.9256654489409
15.431307990507939
12.803147298130764
13.866988004794058
14.352692760768802
13.969983482178556
13.958081513892067
15.361512640128657
14.048101776371675
15.335297226006043
14.315353322610607
14.207729765766258
13.522816564788373
14.29659344926034
13.99962110443872
13.19255203225666
13.54221334197924
13.961764910486123
13.28021621330282
13.809301627384407
15.0075645742066
12.699928601707631
13.939948203753447
14.02711013062354
14.460836278164404
15.76222839093638
14.12679826311714
12.772774499510078
14.717090430752965
12.346169533158406
13.121405074312039
14.200702949983482
13.63389313435191
15.486089571177738
15.334104846236176
15.385618699569342
13.257661942126507
14.759861775733615
15.134425478464419
14.384341409478589
12.436738967207846
13.5578243981867
13.917609619471245
14.208463348134755
13.957414739568359
14.383302808691642
12.769840152520871
15.80926419663523
16.035709861574226
14.367612795981074
14.749108493699044
14.8700594940954
13.990064159683948
12.951727640909203
14.485611940747148
12.881089560946217
14.872235476573765
14.981653452116444
13.590659740835862
14.594772037823608
12.774505165802086
13.67433586797886
15.188679464982767
14.444994810615464
13.96840660967644
14.8997848120172
13.994425519455914
15.357454016711873
14.021026029320396
14.251417980410913
14.251941246970055