13.066130037179555
14.161883361071748
13.633651427271356
13.416844580615681
15.139451763132035
13.304805925276757
13.320711756699243
13.904860911537611
16.51259999553789
14.387431268718974
15.979899600517541
15.70467211538296
13.840373288666637
15.668646223868153
14.40274794796477
12.681601869100897
13.017374079280389
13.386072943462816
14.628333997341059
12.091401111391642
14.283685961735328
14.571660572211755
14.939684843300942
13.023375936960342
14.549404200123664
15.98931946405946
14.477210013465783
14.383146933375322
14.92959782174675
15.241321874658437
13.375855911968133
13.427578174517574
14.85464041228919
14.122372896880522
13.997428162198515
15.120858458386898
13.981663740568289
15.479422033967314
14.540189404492363
13.631428236125583
13.548788315397111
14.080332764481309
14.284808442590736
13.496275375996756
13.873104686628995
14.308235887741855
13.298528556861447
14.388681045493945
14.476806652801132
13.222107315326094
13.78703707282693
15.043587706414268
14.189008385514517
15.613061439284898
14.51957684089185
13.074991911075486
15.010457886365703
12.80755443551998
13.738795481155874
13.838221663431673
13.886637882103575
14.842279423084086
15.400564745748872
15.529200510313267
13.641830962849001
14.814330961658676
15.831798257426685
15.375036358393809
12.389093794687845
13.982214960410115
14.006034083274395
14.059928152374539
13.806303804148525
14.256005059001936
13.251750986699863
16.26582740694513
15.884451645316137
14.575259606513221
14.920666060677414
15.389858441107275
14.756518612711877
13.386472471156754
13.91619924665584
12.824419137059557
14.921928934916608
14.377414349929998
14.164710783638272
13.980560443359511
13.389006662806853
14.134383726370533
15.350099418305374
14.691660297813987
13.771928409730593
15.034838688353858
14.284460029977875
15.332430452650524
13.929141342896548
13.962384685091296
14.141824460592444
14.255209674299751