15.033220434371843
13.097220383555202
15.312602118110954
13.154708535690572
13.66384021346238
14.505510857219917
13.577995812834539
15.449623332625539
16.89143249520687
15.420082553625932
14.772846370936875
15.29191599781542
15.73277121034133
15.50857686168656
12.355640865422194
14.217966007542177
13.762111716369459
14.46540684161785
13.97863180899021
15.228950501378923
13.478467387496895
15.62503381274166
16.587015301566122
15.797513559518881
15.409893992085669
15.822266269977913
15.239897829675854
13.190722005218818
14.180632516479898
13.221891057973343
14.71109403996083
15.280771403941078
14.751098574303033
15.191997435865193
13.525429833438542
14.531708599866725
15.116843306815223
14.3943102966066
14.394141016321857
15.063680984295853
13.45164148207393
16.44174652293591
14.612972735491521
14.777453353145765
14.759855445987386