13.652492664707268
15.14877079134279
13.877587992162523
13.818649734443053
15.699645265561983
14.149732423345828
13.799972441316042
13.674036145500015
16.34435251930641
15.008218610189322
15.565733291832228
15.380873237821985
13.061470316505792
15.940344389308025
15.489200306994212
13.455447687756
13.26791177290385
13.50950810011383
15.114140720410337
12.243529404770882
14.66825588536438
14.676651706215042
15.159058762072132
13.034271384470363
14.828544360441171
15.94985693949871
14.440860264705451
13.88426667409975
14.586542964322959
15.725523741135152
13.582242851920006
14.681855257886596
15.357557739388545
14.659413064953528
14.200028360592542
15.885099192922702
14.65876486019702
15.594005012146738
14.726276933587997
14.744477749367983
14.138010675754144
14.693519169605908
15.68110784064288
14.018497115463203
14.278300904851374
14.208007237648058
13.390217262194403
13.983924219058142
14.652675777347213
13.895443174100576
14.861472319494004
14.552772235246135
15.093060698571787
15.998922532051608
14.593915129828526
13.556168804379896
15.826031843612942
13.45656579312369
13.827238798668843
14.586463584473377
13.484113887961918
15.638628777252551
16.127235531161578
15.799686655081803
14.101548331618018
15.295334213529049
16.19502347127805
15.908250161398161
12.696044869231724
14.650731594909136
14.630816218236555
14.874543906881197
14.980240952347906
13.902284791443943
13.88320849956005
17.070336042733945
17.304865151364353
15.30890231340332
14.87767872048148
15.060269944039321
14.518381589285136
13.006289773946312
14.475730152703427
13.490603790917488
15.97269867579663
14.599593874148388
13.85705408538183
15.283318040654011
13.158424305354425
14.655120233908164
16.49288337662405
14.629490254098283
14.021464256806453
15.695003315453414
14.402038938364377
15.660965311708917
14.191816276811911
14.96488456991794
14.34178817410887