13.530113424987125
14.997257569433133
13.896195763705757
13.426090437331148
15.574827576592218
14.508962262681353
13.296005663804374
13.498074524619978
15.633906370576934
14.68555246938199
16.333895826040944
15.366096841315374
13.317766613742178
15.24785061984093
14.113000569289078
13.467100078316955
13.0215203151346
13.40288202856065
15.252258116574266
12.110171502058503
14.539247680793075
14.425918154179637
15.415098382477277
13.206678079342637
13.690516813566665
15.901837679374115
14.646046376547867
14.059947981802413
14.339859433003596
14.995687685802093
13.024665316787738
13.125241280320347
15.201800183675623
13.467331741333515
14.021281338034843
15.012661927183307
14.338971972237914
15.463900388916647
13.783697187654951
13.687390712362031
13.448252759794634
14.470595015138814
14.543206417352724
14.304849000718235
14.550662136983725
14.624641992356716
13.308096070260897
14.375927601407339
14.910340700593375
13.603716250909887
14.24815233333472
14.630247899211156
14.67198582074026
15.444483725904938
14.02612466794111
12.269607955494195
15.22121250963507
13.129973152584279
13.703154533031231
14.805442662573432
13.9374958581058
15.89139133974271
15.369043344480982
15.392655185038109
13.468823764092901
15.000323477292605
15.10416821158996
15.098687173629033
12.224302072276117
14.163839044617596
14.451559759269966
14.489179969106479
13.367096882055055
14.367382556750032
13.778629422899932
15.995739829321739
16.65950650025138
14.857116693549592
15.01751926527556
15.046220407078987
14.620091106908424
13.512509325639574
13.97531639451675
13.263692213237258
15.409136729645205
15.142021754158383
13.933476523708991
14.799011063797451
13.05063314740064
14.183970129676359
15.279405841187696
14.655661252212836
14.767249362348771
14.802913615548071
13.981105582638328
15.268519190474972
14.162741610402874
13.660655371485456
14.072354621562923