14.484411275484858
14.89858378778568
13.91020865314503
13.783322732017329
15.91988983009729
15.05285884214853
13.160524485074802
14.039967842223954
16.756738575022208
14.396502701837049
16.1913133624502
16.059082729683052
13.766520938902932
16.124876616790186
14.834086717524654
13.883597030116201
13.563215263663666
13.353138214423428
15.467441066979237
13.081060059204631
14.268603490860887
15.615071139856743
15.95542225138178
13.542255529762594
14.289571138688428
16.417308397155498
13.976318500531448
14.813633253079926
15.098482022705172
15.613469882473417
13.432411617143439
14.340995714255268
15.081372436508167
14.75018554377735
14.482899740291074
15.73177444496613
14.492825877414244
15.202489739285996
14.982682752745884
14.498362350317489
13.816790893343384
14.752144212134004
15.175518026384411
14.814594441693632
14.494957475043583
14.68416571562049
12.587307501577696
14.413643717773327
15.395874011369557
13.815448156682267
14.884978161032334
14.294113097157048
14.362643463929981
15.478323758839702
14.300275983135913
13.049600897059024
15.486048036639525
13.338721001896642
13.286888081221829
14.70548712156193
13.514433191485168
16.087862719139768
16.381749135104293
15.09234849083972
14.373002088243707
15.21983602775041
15.96322190922827
16.134477048935427
12.359867622201813
14.587433228532072
14.78727903412753
14.906560437244122
14.264684789625658
14.709464151985019
12.945105328219073
16.40882135796169
16.729859650049246
15.467670039169061
15.70806731470859
15.901260554642478
15.157481807271026
13.885888558796815
14.165269003337304
13.66974751305665
15.165235114962186
14.511379202724932
14.098176188450987
15.308265988293511
14.024945484160398
14.227801063529501
16.200228188961418
14.620618667889673
14.262397218173762
15.879338654030082
14.628511421470062
15.887243781705815
14.546046385335849
14.358496163188033
13.864077749954214
14.634489334617944
