15.609560895496381
16.743009753116876
16.20263572756297
15.256675833553814
17.992122806941914
16.666515305339004
15.167369882001168
16.504944565604983
17.455205390009834
16.392932364564853
18.95156697622499
18.393175083542737
15.364793814292186
18.062385203154058
16.927472293214397
15.391663427892825
14.654397253573515
15.880353097093142
17.09274732201252
14.523512909133133
16.618175168108312
18.034854132197736
17.29867092354704
14.987733599132445
16.6455069500383
18.09142152917912
16.316177859190233
16.44943766342515
17.876455486830654
16.787554195211435
15.711863214543243
16.809647109147935
17.51726478061275
17.153541156464723
16.434214926131098
16.72047769120473
16.014324759673066
18.65657552188422
17.109137654905485
16.207998770158415
16.17928543129784
16.288156143430346
16.93472100406791
17.535243901484204
16.847397744828836
16.040933725921608
15.591804364371564
16.826052899769184
17.32137016458377
15.218197590206522
17.108266544208426
17.074096260602488
17.22144147026059
19.25243204692295
16.55137841204093
16.05470372514285
17.919217749409494
15.369148268794474
16.34373336367977
16.286197325990408
16.28504036013204
18.402030122657393
18.198499284822105
17.909823217692598
16.495869184192195
17.652742136843354
18.191375902703275
17.833841848711618
13.195631655031688
16.931289848629785
17.553162504207016
16.899453490485072
16.50745075970566
16.879370936899146
14.447672500457395
19.652123489111386
19.668925323583156
17.038287712156073
17.75610250568793
17.957887721990975
16.485756027616837
15.380641304567407
16.87961553865662
15.584452134316518
18.497393662339803
17.193390282950748
16.513407922892664
16.903752692802527
15.252160975653748
16.659568835771072
18.19245699094101
16.517328879062802
16.793512091600075
17.61406157842516
16.271940806704393
18.06534636000214
17.182540050642135
16.68623812384729
15.905671985707684