14.783896609453432
16.234068515076128
15.146047398353033
14.450892050845438
16.977596854277206
15.707060826086398
14.210526631842903
15.290523337836134
17.030476081767514
15.86215606576391
17.313318411409007
17.061058204767452
14.775998758187443
16.059053479619607
15.405534626684826
14.979478137527995
14.187343727610811
14.082980927348393
16.140752459714687
14.359440189734178
15.439198641927886
15.897510113378601
16.983672513968887
13.529005867969433
15.442557073415994
16.76796230502939
15.620022717608219
15.82507429458006
16.465334334181648
17.18660099008288
14.995568125424546
15.83476069273158
16.523840386780456
15.551798107618081
15.147111757242099
16.186002832424947
14.584460868368971
17.62539649194473
16.10990716128382
15.086444320275946
14.448583176950677
15.991417249134095
16.18569130892758
15.541589166500389
15.327323954135421
14.552060660207689
14.039372680925986
15.544417316410184
16.570130529401826
14.754838587808848
15.31272968593242
15.351430209966376
15.456827667452075
17.547676721524855
16.07570958817107
14.781931134447644
16.785583809110836
13.532890300110655
14.505790679879821
15.816503438908002
14.482032602261539
16.551151742291875
16.957757881687357
17.147124033060944
14.974206267149338
16.42615078351495
16.386503432913933
16.622124401307122
13.664880935910027
15.013273063666498
16.16546046413503
15.486812211571095
15.946264436898842
15.938856021104575
14.666699292584193
17.498690174883976
18.361791599602046
16.41240877946839
16.367030283996943
16.446933524001686
16.256825262204842
13.774141161904069
15.250180326378596
14.195825268889324
15.982171558979628
15.44793078347493
15.341981051064336
16.293188876537084
13.189625617381866
15.33615931797231
17.12924547183431
15.664558907668942
15.44301451651864
16.717792504143507
16.209869786437682
16.563796550359005
15.50956944606503
15.096082342795167
15.240292032256672
