13.324894753543317
15.13830635091311
13.92651855621082
13.63310532900563
16.121376994917373
14.88676792135535
13.537507298175875
14.45165490715027
16.562684060824484
15.01041107068248
15.468189225143785
15.62849615254574
13.41993989421036
14.918137616737672
14.710714119187346
12.868191130309052
13.245402046141082
13.122785680010677
14.756057910744989
12.74591861523443
14.254983575554384
15.606988113486633
15.725898904711759
12.814507601610435
14.545967843395369
16.00741126350621
14.456540575428
13.61869058959465
15.13897577339243
15.933558648971852
13.25572975007071
14.31797144218086
15.085957824115562
14.931494678083457
14.264168332774638
15.424658184840451
14.306927982211763
15.675310296034118
14.29855722730546
13.752472327887796
13.537166710476434
14.43157162071065
14.270076057162775
14.868010095547858
15.297486323260493
14.064448866357939
13.322631720865997
14.498587608155482
14.72102407163397
13.474776035288325
14.261693573557489
14.201381570343067
15.21668601505893
16.232363603480596
14.607659082704718
13.76016988993484
15.479667382962925
13.534420523854427
14.149748329410901
15.397126000826546
13.869168651441964
15.503965092850988
15.68320649622687
16.207437536732098
14.041410028292805
15.536533794914648
16.19582361980229
15.35718687147074
12.394696913146712
13.947282116324473
14.693554184752124
15.352265032858407
13.95958203188184
14.847452669604882
12.796109203439268
16.32837776888961
16.55556525029614
15.415288564619296
15.977081672231577
14.887942380484414
14.796581659044284
13.345917138709028
14.156762849707055
13.736648330729622
15.242073490007407
15.450277135620942
14.27272952733673
14.7284332291194
14.01093879893977
14.912656327661741
15.98874277468337
14.46768064876321
14.462220192964917
14.666204748035259
14.60739283338837
16.12138413483689
14.922924690760091
14.963162397064513
14.526507548753141