15.741621559023569
18.655353001986963
16.45902883908971
15.615276128797332
20.07948459976846
17.821516640561487
16.040727818709787
15.219158314894289
18.270264854133877
17.956372945699165
19.07765429786212
18.813582527198125
17.89577744264973
18.844691190665138
16.563681150090922
15.983567387554151
14.587368041312596
17.226573644160624
17.39775081646766
14.828543946011255
16.818525060344406
16.698761710686448
20.57971302814791
16.017188772274316
16.995296045343288
19.708338308438933
16.34673647477448
18.845847188391893
16.868722583677982
19.35989782455883
16.409522755784607
17.759458365542514
16.108556084449713
18.09657881315934
16.733878734500887
17.66869816972128
17.10614967398451
19.605293375304676
15.643545010310174
16.012262665408166
15.973713310675114
17.765942350235687
19.445974261170463
18.20094637778856
17.53975121624422
18.43401452903354
15.510698064958822
16.66943296091551
18.49115824253464
18.14853178645814
18.363780430033234
17.45153379462878
14.928584954604048
19.957957261928104
17.77763583380106
16.642661118568583
19.862647462802773
16.144295976356542
19.348656947765132
18.44685413967291
15.183225495586136
20.173704863117667
17.936867727969393
18.620107087791148
15.892841800365607
17.244883740040247
18.1748277113362
18.56224600226429
14.062319045290346
14.80466263852523
16.50413326729499
18.149114898748365
17.588852105741164
16.73046669743157
17.059023675035508
22.15938182533332
21.30022994721091
18.384744886418822
17.31648742731178
18.281102106858384
19.67380319673454
15.749847590019101
16.86527431571488
16.892125688836515
17.256540416615533
18.744822784013508
16.690517000425285
17.226789474522253
16.31900551386533
17.237313284629252
17.804256274594707
17.077666928094754
18.96372248733505
18.192890170282514
18.26831838825985
20.162894743507604
16.37548536362602
16.274224780513293
18.643491919177716