16.47190943530153
17.013467934192974
16.620618211374243
15.761673875780733
18.958396652999582
17.037115117488547
15.689285971000292
16.42933880439166
19.61207648407095
17.473673851486307
19.76167488677301
18.392720400827546
15.58002934373784
18.44126257904665
17.11064643592439
15.536753541030956
15.453839243152098
15.77859346585104
17.245624765650884
14.11955916065889
16.89614091501725
18.145695904556042
18.141482762733744
15.574953362796558
16.91058908911896
19.074060990840376
17.51439453469842
16.999543703800434
17.86227518739103
18.458151454236102
16.491547873939073
16.52969013517773
18.356255994094905
17.223058210428785
16.712394386425128
18.04504710717299
16.788195679576663
19.076191566162258
17.804163765154236
16.743138790505846
16.164873168771525
17.03996393949549
16.7441049942336
17.122697077001106
16.999964793357435
16.705729325118202
16.120379745898553
17.86158781781778
18.234705091427564
14.966931794950789
16.867820560312737
17.48843196271181
16.956692087862326
18.44803737065003
17.102877722770792
15.778148956599466
18.014353144847007
15.79348569626472
16.061624629648257
17.731530098508422
17.00768787723993
19.076027569575608
19.117718305777156
17.821233054397293
16.683740131932236
17.203811749079932
18.382964455748358
18.038586730428833
14.904248483605572
17.07126632911077
17.289953203121755
17.982009110171195
17.28320785249483
17.094630597578895
15.901053455936983
19.644302152958012
18.710408773404687
17.388923500948273
19.28720517174482
18.01276083789951
18.315093728224895
15.350513915445328
17.339251755474926
15.128068779050105
18.94529518340114
17.585779119334372
17.222619508875038
17.648101687040572
16.14703851485259
17.021587248217095
18.04662137699251
17.63016502648641
17.454786050995963
18.135713223558287
16.760553109086082
17.969659274953134
17.537837682003055
17.117987816032883
17.28662803638029
