13.4547990658554
15.03333266067409
15.097418906595395
13.866671312500777
15.904702759404271
14.30181980359451
12.767726085137594
14.118286141053607
17.617212510857502
14.731082749384342
16.771703400905604
16.628854331522653
13.527245868101671
16.102765600171164
14.564283735417304
13.56053143206934
13.813885206315097
14.364322703957212
15.078678347083759
11.726341079062205
14.338846926467887
14.595930266523776
14.743759926249973
13.320410944881797
14.673330816627162
16.269243873231815
15.072932336961037
14.418116850621674
14.843654853433273
16.306229436007655
13.632281550821089
14.71535071839324
15.487809162477417
14.056388156707609
14.047294711370734
15.32892579552092
14.84286651708241
15.555346334415777
14.448088079142348
14.937782443253646
13.911398782784103
15.088661084356985
14.634743468292653
13.68073320530601
13.917729090116183
14.296096808514342
13.76443429558145
15.458046279541021
15.560577526411448
13.022012659446448
14.882342247708689
14.777312180081937
14.437443980175782
15.893895644207465
15.521843767960588
14.137375777339983
15.488831678094412
13.578687082264778
14.290753999664702
14.51905158019929
13.748957020509819
16.52909744360939
16.10505657366811
16.110110308019596
14.358833011441211
14.571653538280833
16.361678361569556
15.111739268173976
12.875426437558545
13.8005491590222
14.925804264309102
14.554962720412806
14.039869156331436
14.749709876817745
13.657778812907921
16.087064349031646
16.818715355586445
14.985992866639098
15.420093540480655
15.427072296144683
14.78666953473817
13.675935583079122
14.319894370019943
13.109257830868914
15.672139107308405
15.174601331338152
13.780834122477192
15.953462592018822
13.093542394695987
14.906184915627529
15.595556675350894
14.445470068215256
15.612230853757433
14.79687440387575
13.962207659337235
15.485740189770382
14.77750858572845
15.146552795356675
13.991053789560139