13.519374541861715
15.76757019013561
14.431732012075804
13.735313426596639
15.850091612564965
15.023181367592267
14.293178672191535
14.093233820069367
17.117060544949425
14.59863046597655
16.081842798134986
16.294731460319237
13.894482063062915
15.439462152092329
14.348505202990715
13.641611639015752
13.86050235207379
13.047772149105928
14.818700576114201
12.688037201212941
14.49903194275378
15.153532530926894
15.826362958403193
13.508422430155887
14.15334207558078
16.20569397628275
14.821821296050215
14.328234781647344
15.067830448280557
15.999011213055265
13.016392485975178
14.680144065867578
15.5203460647265
15.089308078642297
14.949012994328253
15.316341155736751
14.163432440989721
15.731072189525769
15.516626895585729
14.35250983652219
13.926525147858126
14.77048143271146
15.400157691673185
14.2078475412219
14.251697101768416
14.03100698748538
13.27944691606919
15.33678499292436
15.830127994042119
13.872841272787742
13.988888952438701
14.739097024680493
14.063463049847103
16.487625926136097
14.952456352604841
13.963374629942486
15.493064062724955
12.547752876201487
14.376918700574084
14.982062894862606
13.750899371174485
15.996445328082222
15.716387546489173
15.80791670099082
14.339667583064992
16.1823697482994
16.28470128672505
16.055821700862992
12.629177655845101
14.46538176393035
15.255844780639801
14.465831133940808
14.91882169045224
14.331383107083946
13.695487301893683
17.33113244594831
16.500261645778902
14.766425077979743
15.092533385816141
15.404939650195022
14.565050054973053
13.76963358718785
14.76126020827034
14.4440139936424
15.362946900599798
14.696890436937947
15.085912391318136
16.078274188673596
13.842763765093016
14.545694845069715
15.519225752317439
14.466523235036362
14.211615110576068
15.51629207911589
14.58273673316772
15.322014304035587
14.484075230820274
15.789828362316367
15.379318091413714