5.4269825112855425
5.152093811838663
5.226016685100082
5.290173670456818
4.589290625840718
6.612750673394794
4.354507555034495
5.451622284733785
5.006600915367311
4.750527761651473
6.049736859825176
4.60915091055597
5.843405214586972
4.395580279854102
4.573057457521062
4.716996329205542
4.069038748222887
5.616755403424772
3.7466077570018634
5.286057963967349
5.939420314756562
4.6010288998122455
5.037989383503244
4.8283396648277535
5.315391707476867
5.082689428485132
5.558264726960732
5.458234685450837
5.1806153663829635
5.6787512781621645
4.550855832928965
5.003285350306886
5.542140391733616
4.846089694325416
4.832899267428508
4.569118386916709
6.511503113076628
4.544438395134799
5.51412159455625
5.578792567954872
3.8658706601759123
4.202428634079943
6.079175855283218
5.907241197431228
6.162381848803313
6.014091534922043
4.175166043480062
3.8548225196798143
5.743533758551156
4.1084188612866495
4.484693735943901
5.616981478655365
6.126645734284242
5.146629494087894
4.60664083242679
4.64982191566569
4.937999271722864
6.353414593281982
5.342887644816543
4.338091309864509
5.8431223078760475
5.103915857072627
5.18911717936363
5.2453917794468445
5.149831278951779
4.49953176316581
5.164683313244934
5.924820195396437
5.456661746330433
4.620884728228459
4.809868349688729
4.825659058392603
5.219171479132053
5.052229017993046
5.1394072777443425
5.015816588942925
4.902988498385951
4.659463582407387
6.0511444563850345
4.158019373689434
4.784079060444071
4.31565797705724
6.503922797689142
4.7316138945224315
5.74652215268928
4.857649677012654
5.666183417550716
6.151048238136059
4.617660532808055
5.064717502838284
5.469763393131661
5.932324755263886
4.653272275306702
5.27044638400697
5.476098395967235
4.494022450508549
5.455952530137757
4.456010292994725
5.35596011445314