15.661053349200468
15.65158403665577
14.917761131401054
16.991064656471515
13.693989076949824
15.703040728451345
14.976110317339238
14.697244809202852
14.071005766433982
13.847314648318987
15.434984497693687
15.967545363356242
16.557393940016066
14.8986962070316
15.301406821647747
15.901237599599702
14.357334781957535
14.734559856060804
15.27870829517433
15.540551498824032
15.366376323969142
15.127711373879796
15.321207692765487
15.404925594089104
15.10794042435985
15.385547001218498
13.439206356857067
15.395934342544152
14.85931092774499
16.79267931669809
15.972991278951351
14.529840686394781
16.45420628125998
14.66313994203473
16.77450776458944
15.152244161672453
14.022189311058764
16.0807069550114
14.535814186007695
15.733690255306106
13.881775903950786
14.45475712856131
13.908953114800301
14.261910436508018
13.844721505053842
13.84346821697997
15.407171437502736
14.87061699251026
14.931992088241556
15.376104143482234
15.53639438226179
13.736671963367229
14.397242167189361
15.159500262063341
16.19928497996596
13.480510578811746
14.368977084545826
14.552225987991768
14.924186541746034
14.408686631882631
15.408869632790445
14.130307539260038
14.390746765768302
13.863724367847658
16.862212047074877
14.423086447191002
14.948476537403176
15.211487766599639
15.108609674923228
14.479747371551513
15.10326827691043
16.881945812445696
14.616371944946968
17.219179082917126
13.816921062996894
14.54378058995604
15.464156765772538
16.233453568445917
14.899452118741586
14.5071041004216
15.78873035811608
14.508238950925465
13.496482234527237
15.25338165596217
14.625794128934196
16.90596777324964
15.278732516146869
15.149958957982378
14.491637611324787
13.881592888373325
15.328838967801275
14.72703480587759
13.731688682893902
14.239016530937832
15.713603138702197
15.02993935710272
16.537326985119876
16.351107746052495
13.755602183272561
16.369993919914855
14.602526025517465
14.086692495760676