15.608447554660545
13.852841620721087
15.753090322838052
14.352363743185233
16.03777836652094
14.765771316372735
15.757551343727155
15.452792727140071
12.758401216100944
13.866329207445308
13.917467460280449
15.63910134369496
13.778044559061238
13.436730688979733
14.192119536384869
16.06699632406323
13.741986403245697
15.07316828913426
14.29363969948833
14.476298506016175
15.129597547110585
14.064954293447608
15.069489001572604
14.674044738772757
15.120463259568965
13.965555862356714
14.621171099720376
14.931634294224422
15.24049168966486
14.885617516604887
15.020642323225822
16.555385233289464
15.056525461699078
13.623230285105578
15.272634378904911
14.822545467493576
15.430491914840653
14.456456881005229
13.912487303960345
13.383706190034495
14.77753541138465
14.33070680300729
14.511168748721115
15.081836028592669
16.298976711366233
14.42023601633587
14.015669928454273
15.312836114401838
14.434989185122628
15.89528641549167
15.055829112713297
14.874169506489267
14.415265431439227
14.83070473486677
16.939022122850634
14.62212245778937
16.341695611131406
13.800967802223488
14.009853460328637
15.45579438927515
14.598907414924705
15.35704653636482
17.23987045110859
15.702766453612686
15.1145100970338
16.49971056811532
16.216524539799337
13.564046628029926
14.8014362068509
15.419506175225884
14.860324375797449
15.041331977480631
13.212174390539664
14.192416324023803
16.08163458721266
15.22936229733829
15.848000244628132
15.548784479765853
14.019205115411292
14.067336064497972
15.098696671617763
12.988230480951653
15.276223242388062
16.628717355608032
14.182477156535217
15.064182750036617
15.332690004912955
13.135176097010005
14.943005978927369
15.135391292142968
13.848185763606246
14.634667723555758
14.646388775649553
15.187446624002408
14.21856783016933
15.595054693354006
14.69820312241264
14.117040461660695
16.11658283966729
15.801535526183025
14.539100418625257