14.664328747639846
12.496770405799209
16.04423747902269
14.582491536112938
14.86575262665693
14.283418541028254
14.525959088911796
14.398110847184995
14.719393983895468
16.527842186986604
14.03892013086207
14.6568490910132
13.1777111017517
15.427724343481835
14.946252331724871
14.546570097733591
13.843612613643382
15.82165173333155
15.002249507814517
13.014285905742176
13.67005303733912
14.543842385366146
15.70008281959238
14.70553859703623
15.746652334312492
14.312400168541998
14.273700002290841
14.780491164668717
14.50909476597095
13.912180761857327
14.047532047551588
15.198863283178055
15.308950787500493
15.504352502883075
14.02692700993416
15.362726777254464
14.534629610999993
15.955614887339678
14.77973872929956
16.41676440719814
16.03703825714716
13.423473005397787
15.292276965014807
15.955518171510674
14.91940944580216
14.615265834297674
14.99508886647663
14.164419633250793
12.80649941314479
14.173808422150197
15.563682488763012
15.653545738510239
14.912805950953194
15.043645004216046
13.790521046259345
14.215307161473529
14.08267086500988
12.648386276189504
14.622095247197972
14.894558128564313
14.55543129997204
13.30031856268256
15.503451513224629
15.268887086603824
13.74115080324984
15.897941763901683
15.390292034594347
14.774749150523215
14.490410043882672
16.529734240613006
14.955232759675948
16.211660740964305
15.19438358728105
13.57562092260005
15.943314463187255
14.988930082475349
13.459121163614066
15.307584962901968
15.818832082988592
15.427114807734325
13.3506147657884
14.413915098556009
15.57697135844924
15.10602836282644
15.148967583975702
14.73925731320721
14.781097016448081
15.115808971265091
13.727002464482512
14.194131444184444
16.480929080538697
14.46182823975375
12.70829637993203
13.952566390621644
14.61888837449691
15.05194864769946
14.670757624693325
14.499640179643025
14.379053837675741
14.630081361050712
14.442340482368468
14.755460610329957
13.526198339086157
14.80445898328309
13.29032765872491
14.99034338166696
14.564416696290245
14.620307722527729
14.195030530894943
15.75292821046832
15.981406666031841
13.796564242319135
14.41925679536875
13.919785803881718
15.100933752202181
14.071654680776678
15.20081727858857
13.32110352126947
15.48037855160994
14.121953933052357
14.884367380501415
14.846879225879619
15.376024977467132
15.27934601258515
14.92073246741599
15.122308438317663
13.516803161962256
14.684332891679482
14.66465969413415
13.86015338255661
12.84494067406403
13.963502686568804
15.037336146097568
16.431685454646576
14.251627042961736
15.663327677428423
15.011288788251212
15.139929345620338
15.02039326764316
14.694916883041401
13.831716166960925
14.456147235298069
15.522403059615451
15.371667571097424
14.645023157961264
13.940939343759752
13.370985567742617
14.14206987354057